================================================================================
conv2d (Conv2D) [13 x 13 x 8]:

DIM 1/8 [13 x 13]:
  -0.000000 -0.000000 -0.000000 -0.000000 -0.000000 -0.000000 -0.000000 -0.000000 -0.000000 -0.000000 -0.000000 -0.000000 -0.000000 
  -0.000000 -0.000000 -0.000000 -0.000000  0.204228  0.166516 -0.000000 -0.000000  0.051298  0.063403  0.016570 -0.000000 -0.000000 
  -0.000000 -0.000000 -0.000000  0.001820  0.764810  0.648400 -0.000000 -0.000000  0.227802  0.503162  0.255254 -0.000000 -0.000000 
  -0.000000 -0.000000 -0.000000  0.263835  1.188563  0.867641 -0.000000 -0.000000  0.388781  1.005832  0.579199 -0.000000 -0.000000 
  -0.000000 -0.000000  0.061793  0.931253  1.196017  0.420515 -0.000000 -0.000000  0.700207  1.310855  0.630832 -0.000000 -0.000000 
  -0.000000 -0.000000  0.360708  1.330783  0.956422  0.032367 -0.000000  0.123265  1.247764  1.356797  0.335430 -0.000000 -0.000000 
  -0.000000 -0.000000  0.633047  1.250274  0.624215 -0.000000 -0.000000  0.440906  1.581468  1.117145  0.040595 -0.000000 -0.000000 
  -0.000000 -0.000000  0.476719  1.342089  1.281583  0.916596  0.978068  1.465861  1.837927  0.870722 -0.000000 -0.000000 -0.000000 
  -0.000000 -0.000000  0.137011  0.738341  1.146402  1.097708  1.025725  1.696199  1.903730  0.726611 -0.000000 -0.000000 -0.000000 
  -0.000000 -0.000000 -0.000000  0.031066  0.140387  0.215707  0.105155  1.089737  1.705092  0.655376 -0.000000 -0.000000 -0.000000 
  -0.000000 -0.000000 -0.000000 -0.000000 -0.000000 -0.000000 -0.000000  1.139897  1.601577  0.535723 -0.000000 -0.000000 -0.000000 
  -0.000000 -0.000000 -0.000000 -0.000000 -0.000000 -0.000000 -0.000000  0.745118  0.923536  0.223514 -0.000000 -0.000000 -0.000000 
  -0.000000 -0.000000 -0.000000 -0.000000 -0.000000 -0.000000 -0.000000  0.160043  0.153891 -0.000000 -0.000000 -0.000000 -0.000000 

DIM 2/8 [13 x 13]:
   0.148704  0.148704  0.148704  0.148704  0.148704  0.148704  0.148704  0.148704  0.148704  0.148704  0.148704  0.148704  0.148704 
   0.148704  0.148704  0.148704  0.148704 -0.000000  0.254816  0.148704  0.148704  0.046566  0.133499  0.159935  0.148704  0.148704 
   0.148704  0.148704  0.148704  0.142867 -0.000000  0.703739  0.148704  0.148704 -0.000000 -0.000000  0.326208  0.148704  0.148704 
   0.148704  0.148704  0.148704 -0.000000 -0.000000  1.107342  0.148704  0.148704 -0.000000 -0.000000  0.720387  0.148704  0.148704 
   0.148704  0.148704  0.026139 -0.000000  1.091188  0.738749  0.148704  0.148704 -0.000000  0.326732  0.835570  0.148704  0.148704 
   0.148704  0.148704 -0.000000  0.002291  1.219736  0.197784  0.148704 -0.000000 -0.000000  1.309657  0.607655  0.148704  0.148704 
   0.148704  0.148704 -0.000000  0.502174  0.865017  0.148704  0.148704 -0.000000 -0.000000  1.364091  0.209823  0.148704  0.148704 
   0.148704  0.148704  0.127007 -0.000000 -0.000000 -0.000000 -0.000000 -0.000000  0.480019  1.109817  0.148704  0.148704  0.148704 
   0.148704  0.148704  0.271476  0.777968  1.118550  0.986834  1.279904  0.248585  0.896008  0.934540  0.148704  0.148704  0.148704 
   0.148704  0.148704  0.148704  0.177351  0.292298  0.402498  0.304280 -0.000000  0.760576  0.852677  0.148704  0.148704  0.148704 
   0.148704  0.148704  0.148704  0.148704  0.148704  0.148704  0.148704 -0.000000  0.960875  0.753840  0.148704  0.148704  0.148704 
   0.148704  0.148704  0.148704  0.148704  0.148704  0.148704  0.148704  0.291082  1.242901  0.477451  0.148704  0.148704  0.148704 
   0.148704  0.148704  0.148704  0.148704  0.148704  0.148704  0.148704  0.291938  0.375586  0.148704  0.148704  0.148704  0.148704 

DIM 3/8 [13 x 13]:
   0.115067  0.115067  0.115067  0.115067  0.115067  0.115067  0.115067  0.115067  0.115067  0.115067  0.115067  0.115067  0.115067 
   0.115067  0.115067  0.115067  0.115067  0.146937  0.032319  0.115067  0.115067  0.123209  0.097300  0.106309  0.115067  0.115067 
   0.115067  0.115067  0.115067  0.115532  0.430546  0.147385  0.115067  0.115067  0.201235  0.178847  0.025878  0.115067  0.115067 
   0.115067  0.115067  0.115067  0.159079  0.727060  0.688236  0.115067  0.115067  0.352087  0.645301  0.329625  0.115067  0.115067 
   0.115067  0.115067  0.124838  0.479594  0.708201  0.698962  0.115067  0.115067  0.445259  0.717292  0.506326  0.115067  0.115067 
   0.115067  0.115067  0.231984  0.860994  0.821289  0.166766  0.115067  0.134375  0.725477  0.874324  0.551645  0.115067  0.115067 
   0.115067  0.115067  0.509352  0.916001  0.592009  0.115067  0.115067  0.303748  1.013633  0.856093  0.179447  0.115067  0.115067 
   0.115067  0.115067  0.541523  0.950199  0.313332 -0.000000 -0.000000  0.363788  0.976349  0.688004  0.115067  0.115067  0.115067 
   0.115067  0.115067  0.288427  1.040514  1.520951  1.297727  1.345879  1.728875  1.377416  0.553072  0.115067  0.115067  0.115067 
   0.115067  0.115067  0.115067  0.155518  0.301552  0.417630  0.278942  0.857281  1.170054  0.498079  0.115067  0.115067  0.115067 
   0.115067  0.115067  0.115067  0.115067  0.115067  0.115067  0.115067  0.841914  1.056380  0.500459  0.115067  0.115067  0.115067 
   0.115067  0.115067  0.115067  0.115067  0.115067  0.115067  0.115067  0.849387  1.168146  0.461351  0.115067  0.115067  0.115067 
   0.115067  0.115067  0.115067  0.115067  0.115067  0.115067  0.115067  0.317320  0.354052  0.115067  0.115067  0.115067  0.115067 

DIM 4/8 [13 x 13]:
   0.043067  0.043067  0.043067  0.043067  0.043067  0.043067  0.043067  0.043067  0.043067  0.043067  0.043067  0.043067  0.043067 
   0.043067  0.043067  0.043067  0.043067  0.353343  0.252539  0.043067  0.043067  0.122334  0.129421  0.065237  0.043067  0.043067 
   0.043067  0.043067  0.043067  0.047597  0.908155  0.865283  0.043067  0.043067  0.314524  0.726202  0.364528  0.043067  0.043067 
   0.043067  0.043067  0.043067  0.439128  0.956513  1.159021  0.043067  0.043067  0.372684  1.070889  0.783376  0.043067  0.043067 
   0.043067  0.043067  0.138188  1.065967  1.014605  0.594073  0.043067  0.043067  0.777185  1.299139  0.854065  0.043067  0.043067 
   0.043067  0.043067  0.500399  1.056129  1.226234  0.087060  0.043067  0.231044  1.193901  1.361500  0.481992  0.043067  0.043067 
   0.043067  0.043067  0.566222  1.155400  0.848323  0.043067  0.043067  0.534355  1.336994  1.418448  0.097851  0.043067  0.043067 
   0.043067  0.043067  0.247149  1.561430  1.792909  1.321571  1.414428  1.666057  1.784898  1.162909  0.043067  0.043067  0.043067 
   0.043067  0.043067  0.028526  0.212903  0.942933  0.874537  0.678617  1.501668  2.015930  0.976584  0.043067  0.043067  0.043067 
   0.043067  0.043067  0.043067  0.039674  0.072107  0.170885  0.182517  0.848846  1.815338  0.884842  0.043067  0.043067  0.043067 
   0.043067  0.043067  0.043067  0.043067  0.043067  0.043067  0.043067  0.958639  1.694591  0.733644  0.043067  0.043067  0.043067 
   0.043067  0.043067  0.043067  0.043067  0.043067  0.043067  0.043067  0.261301  0.915490  0.337739  0.043067  0.043067  0.043067 
   0.043067  0.043067  0.043067  0.043067  0.043067  0.043067  0.043067  0.026103  0.246432  0.043067  0.043067  0.043067  0.043067 

DIM 5/8 [13 x 13]:
   0.128077  0.128077  0.128077  0.128077  0.128077  0.128077  0.128077  0.128077  0.128077  0.128077  0.128077  0.128077  0.128077 
   0.128077  0.128077  0.128077  0.128077  0.180302  0.430642  0.128077  0.128077  0.141419  0.210902  0.160101  0.128077  0.128077 
   0.128077  0.128077  0.128077  0.128840  0.096888  1.061428  0.128077  0.128077  0.127604  0.471162  0.565488  0.128077  0.128077 
   0.128077  0.128077  0.128077  0.192103  0.110718  1.018002  0.128077  0.128077  0.022642  0.375086  0.836403  0.128077  0.128077 
   0.128077  0.128077  0.144088  0.151376  0.778751  0.353246  0.128077  0.128077  0.049838  0.670283  0.792813  0.128077  0.128077 
   0.128077  0.128077  0.149657  0.136189  1.001297  0.142439  0.128077  0.159717  0.043847  1.050811  0.327770  0.128077  0.128077 
   0.128077  0.128077 -0.000000  0.441798  0.725128  0.128077  0.128077  0.101294  0.177591  1.200054  0.145961  0.128077  0.128077 
   0.128077  0.128077 -0.000000  0.394573  1.318770  1.000807  1.016436  0.845973  0.892583  1.022690  0.128077  0.128077  0.128077 
   0.128077  0.128077 -0.000000 -0.000000 -0.000000  0.075891 -0.000000 -0.000000  0.949262  0.902038  0.128077  0.128077  0.128077 
   0.128077  0.128077  0.128077  0.095191  0.028602  0.060847  0.173600 -0.000000  0.909707  0.834483  0.128077  0.128077  0.128077 
   0.128077  0.128077  0.128077  0.128077  0.128077  0.128077  0.128077 -0.000000  1.006880  0.656923  0.128077  0.128077  0.128077 
   0.128077  0.128077  0.128077  0.128077  0.128077  0.128077  0.128077 -0.000000  0.392038  0.224270  0.128077  0.128077  0.128077 
   0.128077  0.128077  0.128077  0.128077  0.128077  0.128077  0.128077 -0.000000  0.194464  0.128077  0.128077  0.128077  0.128077 

DIM 6/8 [13 x 13]:
  -0.000000 -0.000000 -0.000000 -0.000000 -0.000000 -0.000000 -0.000000 -0.000000 -0.000000 -0.000000 -0.000000 -0.000000 -0.000000 
  -0.000000 -0.000000 -0.000000 -0.000000  0.256723 -0.000000 -0.000000 -0.000000  0.064056 -0.000000 -0.000000 -0.000000 -0.000000 
  -0.000000 -0.000000 -0.000000  0.001722  0.936378 -0.000000 -0.000000 -0.000000  0.280947  0.221600 -0.000000 -0.000000 -0.000000 
  -0.000000 -0.000000 -0.000000  0.331505  0.979399 -0.000000 -0.000000 -0.000000  0.470145  0.510796 -0.000000 -0.000000 -0.000000 
  -0.000000 -0.000000  0.077278  1.037005 -0.000000 -0.000000 -0.000000 -0.000000  0.857642  0.333371 -0.000000 -0.000000 -0.000000 
  -0.000000 -0.000000  0.447293  0.966972 -0.000000 -0.000000 -0.000000  0.154723  1.305265 -0.000000 -0.000000 -0.000000 -0.000000 
  -0.000000 -0.000000  0.764976  0.344355 -0.000000 -0.000000 -0.000000  0.541916  1.120432 -0.000000 -0.000000 -0.000000 -0.000000 
  -0.000000 -0.000000  0.561927  0.728410 -0.000000  0.285406  0.362851  0.836966  0.427203 -0.000000 -0.000000 -0.000000 -0.000000 
  -0.000000 -0.000000  0.155616  0.577042  0.153198  0.198888  0.101788  1.036629  0.039948 -0.000000 -0.000000 -0.000000 -0.000000 
  -0.000000 -0.000000 -0.000000  0.034734  0.096691  0.030171 -0.000000  1.310373  0.050730 -0.000000 -0.000000 -0.000000 -0.000000 
  -0.000000 -0.000000 -0.000000 -0.000000 -0.000000 -0.000000 -0.000000  1.376070 -0.000000 -0.000000 -0.000000 -0.000000 -0.000000 
  -0.000000 -0.000000 -0.000000 -0.000000 -0.000000 -0.000000 -0.000000  0.871283 -0.000000 -0.000000 -0.000000 -0.000000 -0.000000 
  -0.000000 -0.000000 -0.000000 -0.000000 -0.000000 -0.000000 -0.000000  0.181894 -0.000000 -0.000000 -0.000000 -0.000000 -0.000000 

DIM 7/8 [13 x 13]:
   0.006214  0.006214  0.006214  0.006214  0.006214  0.006214  0.006214  0.006214  0.006214  0.006214  0.006214  0.006214  0.006214 
   0.006214  0.006214  0.006214  0.006214  0.238341 -0.000000  0.006214  0.006214  0.065516  0.025110  0.003864  0.006214  0.006214 
   0.006214  0.006214  0.006214  0.009603  0.539328  0.175143  0.006214  0.006214  0.180821  0.361957 -0.000000  0.006214  0.006214 
   0.006214  0.006214  0.006214  0.300892  0.145432  0.615050  0.006214  0.006214  0.153543  0.472143  0.291305  0.006214  0.006214 
   0.006214  0.006214  0.077377  0.574235 -0.000000  0.522592  0.006214  0.006214  0.430939  0.357293  0.430546  0.006214  0.006214 
   0.006214  0.006214  0.314185  0.162868  0.667343  0.051085  0.006214  0.146846  0.487434  0.335604  0.397085  0.006214  0.006214 
   0.006214  0.006214  0.231207  0.364496  0.490969  0.006214  0.006214  0.306228  0.337313  0.712876  0.062091  0.006214  0.006214 
   0.006214  0.006214 -0.000000  0.955831  0.838066  0.522596  0.592064  0.546136  0.472255  0.615572  0.006214  0.006214  0.006214 
   0.006214  0.006214 -0.000000 -0.000000  0.568622  0.396427  0.216492  0.881520  0.927530  0.485785  0.006214  0.006214  0.006214 
   0.006214  0.006214  0.006214 -0.000000 -0.000000  0.071395  0.148447  0.286828  0.791185  0.430087  0.006214  0.006214  0.006214 
   0.006214  0.006214  0.006214  0.006214  0.006214  0.006214  0.006214  0.381987  0.649498  0.404991  0.006214  0.006214  0.006214 
   0.006214  0.006214  0.006214  0.006214  0.006214  0.006214  0.006214 -0.000000  0.547406  0.306765  0.006214  0.006214  0.006214 
   0.006214  0.006214  0.006214  0.006214  0.006214  0.006214  0.006214 -0.000000  0.213636  0.006214  0.006214  0.006214  0.006214 

DIM 8/8 [13 x 13]:
   0.038566  0.038566  0.038566  0.038566  0.038566  0.038566  0.038566  0.038566  0.038566  0.038566  0.038566  0.038566  0.038566 
   0.038566  0.038566  0.038566  0.038566  0.126405 -0.000000  0.038566  0.038566  0.061007  0.032414  0.032166  0.038566  0.038566 
   0.038566  0.038566  0.038566  0.039848  0.481608  0.193126  0.038566  0.038566  0.166481  0.213361 -0.000000  0.038566  0.038566 
   0.038566  0.038566  0.038566  0.153609  0.715544  0.829232  0.038566  0.038566  0.309879  0.712761  0.381263  0.038566  0.038566 
   0.038566  0.038566  0.065495  0.546757  0.717338  0.759172  0.038566  0.038566  0.469623  0.793364  0.585423  0.038566  0.038566 
   0.038566  0.038566  0.229315  0.860069  0.975126  0.101675  0.038566  0.091782  0.778382  0.977621  0.581265  0.038566  0.038566 
   0.038566  0.038566  0.485037  0.976484  0.678623  0.038566  0.038566  0.298747  1.058826  1.038744  0.117154  0.038566  0.038566 
   0.038566  0.038566  0.451608  1.127303  0.529094  0.105889  0.132177  0.491467  1.109043  0.829539  0.038566  0.038566  0.038566 
   0.038566  0.038566  0.187644  0.919101  1.591259  1.336375  1.340729  1.867067  1.610401  0.654470  0.038566  0.038566  0.038566 
   0.038566  0.038566  0.038566  0.073351  0.216175  0.357872  0.238610  0.844447  1.365528  0.580829  0.038566  0.038566  0.038566 
   0.038566  0.038566  0.038566  0.038566  0.038566  0.038566  0.038566  0.852186  1.227136  0.561541  0.038566  0.038566  0.038566 
   0.038566  0.038566  0.038566  0.038566  0.038566  0.038566  0.038566  0.724071  1.254589  0.461277  0.038566  0.038566  0.038566 
   0.038566  0.038566  0.038566  0.038566  0.038566  0.038566  0.038566  0.212491  0.330296  0.038566  0.038566  0.038566  0.038566 
================================================================================
conv2d_1 (Conv2D) [12 x 12 x 8]:

DIM 1/8 [12 x 12]:
   0.007228  0.007228  0.007228 -0.000000 -0.000000 -0.000000  0.007228 -0.000000 -0.000000 -0.000000 -0.000000  0.007228 
   0.007228  0.007228 -0.000000 -0.000000 -0.000000 -0.000000  0.007228 -0.000000 -0.000000 -0.000000 -0.000000  0.007228 
   0.007228  0.007228 -0.000000 -0.000000 -0.000000 -0.000000  0.007228 -0.000000 -0.000000 -0.000000 -0.000000  0.007228 
   0.007228 -0.000000 -0.000000 -0.000000 -0.000000 -0.000000  0.007228 -0.000000 -0.000000 -0.000000 -0.000000  0.007228 
   0.007228 -0.000000 -0.000000 -0.000000 -0.000000  0.059667 -0.000000 -0.000000 -0.000000 -0.000000 -0.000000  0.007228 
   0.007228 -0.000000 -0.000000 -0.000000 -0.000000  0.023692 -0.000000 -0.000000 -0.000000 -0.000000 -0.000000  0.007228 
   0.007228  0.884053 -0.000000 -0.000000 -0.000000 -0.000000 -0.000000 -0.000000 -0.000000 -0.000000  0.027809  0.007228 
   0.007228  1.022051  3.422570  1.735756 -0.000000 -0.000000 -0.000000 -0.000000 -0.000000 -0.000000  0.007228  0.007228 
   0.007228  0.270979  1.693644  3.394455  3.230026  2.517426  2.516526  0.128910 -0.000000 -0.000000  0.007228  0.007228 
   0.007228  0.007228  0.065111  0.324751  0.645613  0.556224  0.559863 -0.000000 -0.000000 -0.000000  0.007228  0.007228 
   0.007228  0.007228  0.007228  0.007228  0.007228  0.007228  1.903120  2.337813 -0.000000 -0.000000  0.007228  0.007228 
   0.007228  0.007228  0.007228  0.007228  0.007228  0.007228  1.556014  2.664366  0.673372  0.119338  0.007228  0.007228 

DIM 2/8 [12 x 12]:
  -0.000000 -0.000000 -0.000000  0.409499  0.509338  0.246242 -0.000000  0.141093  0.164214  0.096863  0.022270 -0.000000 
  -0.000000 -0.000000  0.005303  0.228711  1.452817  1.217705 -0.000000  0.172850  1.068426  1.032014  0.405822 -0.000000 
  -0.000000 -0.000000  0.490033 -0.000000 -0.000000  0.801573 -0.000000 -0.000000  0.162560  1.245237  1.135410 -0.000000 
  -0.000000  0.169897  0.256366 -0.000000 -0.000000 -0.000000 -0.000000 -0.000000 -0.000000 -0.000000 -0.000000 -0.000000 
  -0.000000  0.326455 -0.000000 -0.000000 -0.000000 -0.000000  0.282258 -0.000000 -0.000000 -0.000000 -0.000000 -0.000000 
  -0.000000 -0.000000 -0.000000 -0.000000 -0.000000 -0.000000  0.134444 -0.000000 -0.000000 -0.000000 -0.000000 -0.000000 
  -0.000000 -0.000000 -0.000000 -0.000000  0.466043  2.847472  1.740877 -0.000000 -0.000000 -0.000000 -0.000000 -0.000000 
  -0.000000 -0.000000 -0.000000 -0.000000 -0.000000 -0.000000 -0.000000 -0.000000 -0.000000 -0.000000 -0.000000 -0.000000 
  -0.000000 -0.000000 -0.000000 -0.000000 -0.000000 -0.000000 -0.000000 -0.000000 -0.000000 -0.000000 -0.000000 -0.000000 
  -0.000000 -0.000000 -0.000000 -0.000000 -0.000000 -0.000000 -0.000000 -0.000000 -0.000000 -0.000000 -0.000000 -0.000000 
  -0.000000 -0.000000 -0.000000 -0.000000 -0.000000 -0.000000 -0.000000 -0.000000 -0.000000 -0.000000 -0.000000 -0.000000 
  -0.000000 -0.000000 -0.000000 -0.000000 -0.000000 -0.000000 -0.000000 -0.000000 -0.000000 -0.000000 -0.000000 -0.000000 

DIM 3/8 [12 x 12]:
  -0.000000 -0.000000 -0.000000  0.604164  0.215095 -0.000000 -0.000000  0.167140  0.111877 -0.000000 -0.000000 -0.000000 
  -0.000000 -0.000000 -0.000000  1.171267  1.192472 -0.000000 -0.000000  0.472525  1.390816  0.462267 -0.000000 -0.000000 
  -0.000000 -0.000000  0.744949  0.118631  1.800627  0.804576 -0.000000  0.220693  1.815803  1.704204  0.182445 -0.000000 
  -0.000000  0.216718  1.348352 -0.000000  0.485163  1.379781 -0.000000  0.542805  1.088434  1.755057  0.762897 -0.000000 
  -0.000000  0.767740  0.236387  1.346898  0.371888  0.689213  0.400819  0.639922  0.690127  1.217566  0.970469 -0.000000 
  -0.000000  0.300893  0.164792  1.019020  1.338032 -0.000000  0.710204  0.315026  1.499844  0.983609  0.528411 -0.000000 
  -0.000000 -0.000000  1.965418  4.165681  3.454196  2.365579  1.918068  0.889342  1.635998  1.513190 -0.000000 -0.000000 
  -0.000000 -0.000000 -0.000000  1.995463  2.537275  0.949094  2.712605  3.238674  2.477908  1.268380 -0.000000 -0.000000 
  -0.000000 -0.000000 -0.000000 -0.000000 -0.000000 -0.000000 -0.000000  2.658145  2.975706  1.027069 -0.000000 -0.000000 
  -0.000000 -0.000000 -0.000000 -0.000000 -0.000000 -0.000000 -0.000000  1.413349  2.491346  0.939957 -0.000000 -0.000000 
  -0.000000 -0.000000 -0.000000 -0.000000 -0.000000 -0.000000 -0.000000  0.098980  1.828315  0.834925 -0.000000 -0.000000 
  -0.000000 -0.000000 -0.000000 -0.000000 -0.000000 -0.000000 -0.000000 -0.000000  0.717880  0.335970 -0.000000 -0.000000 

DIM 4/8 [12 x 12]:
  -0.000000 -0.000000 -0.000000  0.516483  0.444452 -0.000000 -0.000000  0.076638  0.128885 -0.000000 -0.000000 -0.000000 
  -0.000000 -0.000000 -0.000000  2.332706  1.649464  0.034528 -0.000000  0.663375  1.380316  0.836680 -0.000000 -0.000000 
  -0.000000 -0.000000  0.689062  4.132318  1.875204 -0.000000 -0.000000  1.343377  2.860388  1.740502 -0.000000 -0.000000 
  -0.000000  0.108482  2.878827  4.196224  0.812989 -0.000000 -0.000000  2.514791  3.984864  1.579534 -0.000000 -0.000000 
  -0.000000  1.058042  4.701323  2.554640 -0.000000 -0.000000  0.285998  4.371297  3.756291  0.413075 -0.000000 -0.000000 
  -0.000000  2.178455  4.494850  1.541731 -0.000000 -0.000000  1.345489  5.804294  2.864152 -0.000000 -0.000000 -0.000000 
  -0.000000  2.270499  4.036191  2.535901  1.414461  2.704425  4.608376  6.345033  2.200620 -0.000000 -0.000000 -0.000000 
  -0.000000  1.123764  2.882320  2.028014  2.814256  2.807770  5.427964  5.799522  1.472057 -0.000000 -0.000000 -0.000000 
  -0.000000  0.176564  0.767550 -0.000000 -0.000000 -0.000000  2.852037  3.268266  0.300488 -0.000000 -0.000000 -0.000000 
  -0.000000 -0.000000 -0.000000  0.055661 -0.000000 -0.000000  4.478218  3.951581  0.228100 -0.000000 -0.000000 -0.000000 
  -0.000000 -0.000000 -0.000000 -0.000000 -0.000000 -0.000000  3.831481  2.116382 -0.000000 -0.000000 -0.000000 -0.000000 
  -0.000000 -0.000000 -0.000000 -0.000000 -0.000000 -0.000000  1.654584  0.053730 -0.000000 -0.000000 -0.000000 -0.000000 

DIM 5/8 [12 x 12]:
  -0.000000 -0.000000 -0.000000 -0.000000 -0.000000 -0.000000 -0.000000 -0.000000 -0.000000 -0.000000 -0.000000 -0.000000 
  -0.000000 -0.000000 -0.000000  0.075658  0.851633 -0.000000 -0.000000 -0.000000  0.448064 -0.000000 -0.000000 -0.000000 
  -0.000000 -0.000000 -0.000000  0.352903  2.149370 -0.000000 -0.000000 -0.000000  1.178626  0.104986 -0.000000 -0.000000 
  -0.000000 -0.000000  0.294879  1.039589  0.093262 -0.000000 -0.000000  0.063753  1.774508  0.207258 -0.000000 -0.000000 
  -0.000000 -0.000000  0.780744  2.608703 -0.000000 -0.000000 -0.000000  0.511025  2.321458 -0.000000 -0.000000 -0.000000 
  -0.000000 -0.000000  1.700804  1.353665 -0.000000 -0.000000 -0.000000  1.297341  3.219494 -0.000000 -0.000000 -0.000000 
  -0.000000 -0.000000  2.732740  1.197890 -0.000000 -0.000000 -0.000000  1.212262  1.240105 -0.000000 -0.000000 -0.000000 
  -0.000000 -0.000000  0.711066  0.844550 -0.000000 -0.000000 -0.000000  2.209216 -0.000000 -0.000000 -0.000000 -0.000000 
  -0.000000 -0.000000  0.401841  0.581371 -0.000000 -0.000000 -0.000000  3.900765 -0.000000 -0.000000 -0.000000 -0.000000 
  -0.000000 -0.000000 -0.000000 -0.000000 -0.000000 -0.000000  0.300845  3.795338 -0.000000 -0.000000 -0.000000 -0.000000 
  -0.000000 -0.000000 -0.000000 -0.000000 -0.000000 -0.000000  0.073912  2.879877 -0.000000 -0.000000 -0.000000 -0.000000 
  -0.000000 -0.000000 -0.000000 -0.000000 -0.000000 -0.000000 -0.000000  1.546395 -0.000000 -0.000000 -0.000000 -0.000000 

DIM 6/8 [12 x 12]:
  -0.000000 -0.000000 -0.000000  0.174762  0.312413  0.263895 -0.000000  0.011983  0.112559  0.077177 -0.000000 -0.000000 
  -0.000000 -0.000000 -0.000000  0.688906  0.102522  1.197397 -0.000000  0.216053  0.568581  1.044708  0.438287 -0.000000 
  -0.000000 -0.000000  0.224142  1.648823 -0.000000  1.525241 -0.000000  0.409670  0.671700  0.807470  1.007876 -0.000000 
  -0.000000  0.036891  1.014557  0.797378  0.320500  0.706402 -0.000000  0.773821  1.081249  1.062502  1.123432 -0.000000 
  -0.000000  0.329820  1.622211 -0.000000  1.890460  0.056545  0.108238  1.569364  0.096727  1.089576  0.536320 -0.000000 
  -0.000000  0.633286  0.788621  0.700394  1.210470 -0.000000  0.405598  1.845886  0.099917  2.117275  0.041051 -0.000000 
  -0.000000  0.616221  0.673990  2.951002  4.403586  3.001817  3.624052  3.289751  1.655743  1.705710 -0.000000 -0.000000 
  -0.000000  0.225436 -0.000000 -0.000000 -0.000000 -0.000000  0.492033  1.482289  2.469530  1.378265 -0.000000 -0.000000 
  -0.000000  0.007533  0.346109  0.519750  0.170472  0.254457  2.217499  0.378961  2.341921  1.220217 -0.000000 -0.000000 
  -0.000000 -0.000000 -0.000000 -0.000000  0.026181  0.032848  1.496057  0.233529  2.034237  0.962014 -0.000000 -0.000000 
  -0.000000 -0.000000 -0.000000 -0.000000 -0.000000 -0.000000  0.979225 -0.000000  0.526377  0.329570 -0.000000 -0.000000 
  -0.000000 -0.000000 -0.000000 -0.000000 -0.000000 -0.000000  0.416517 -0.000000  0.534187 -0.000000 -0.000000 -0.000000 

DIM 7/8 [12 x 12]:
   0.284398  0.284398  0.284398 -0.000000  0.192389  0.565363  0.284398  0.176140  0.173638  0.322107  0.313221  0.284398 
   0.284398  0.284398  0.279144 -0.000000  0.713188  1.830443  0.284398  0.024235 -0.000000  0.540396  0.758872  0.284398 
   0.284398  0.284398 -0.000000  0.593665  2.309609  3.134201  0.284398  0.193457  0.356686  1.556580  1.926280  0.284398 
   0.284398  0.154291 -0.000000  2.225208  4.569997  2.214890  0.284398  0.091137  1.284694  2.975735  2.359950  0.284398 
   0.284398 -0.000000  0.831606  3.404385  4.354491  0.555022  0.072870  0.206149  2.830585  4.716353  1.769869  0.284398 
   0.284398  0.214999  1.859862  4.147997  2.632922  0.294680 -0.000000  1.107484  4.101024  4.612769  0.562108  0.284398 
   0.284398  0.784708  1.654266  2.109818  1.054063 -0.000000  0.314220  2.517255  4.945733  3.368750  0.297274  0.284398 
   0.284398  0.925867  2.389048  3.644127  4.245065  4.336643  3.974340  4.735857  5.444703  2.723426  0.284398  0.284398 
   0.284398  0.520628  1.690271  2.811906  2.661220  2.943046  2.379858  3.544578  4.621995  2.451326  0.284398  0.284398 
   0.284398  0.284398  0.338153  0.548559  0.741542  0.569928  0.836609  3.517811  4.598694  2.163769  0.284398  0.284398 
   0.284398  0.284398  0.284398  0.284398  0.284398  0.284398  1.384019  4.208762  4.334493  1.379012  0.284398  0.284398 
   0.284398  0.284398  0.284398  0.284398  0.284398  0.284398  1.386009  2.816355  1.647086  0.354932  0.284398  0.284398 

DIM 8/8 [12 x 12]:
  -0.000000 -0.000000 -0.000000  0.366876 -0.000000 -0.000000 -0.000000  0.119322 -0.000000 -0.000000 -0.000000 -0.000000 
  -0.000000 -0.000000 -0.000000  1.187883 -0.000000 -0.000000 -0.000000  0.451099  0.429610 -0.000000 -0.000000 -0.000000 
  -0.000000 -0.000000  0.451449  1.035324  0.249984 -0.000000 -0.000000  0.697713  1.556842 -0.000000 -0.000000 -0.000000 
  -0.000000  0.151229  1.202917 -0.000000  0.883575  0.748713 -0.000000  1.139456  1.394470  0.089725 -0.000000 -0.000000 
  -0.000000  0.641486  1.351230  0.539874  0.127749  0.369269  0.257162  1.484113  0.564146  0.555662  0.491213 -0.000000 
  -0.000000  1.001478  1.488237  1.000648  0.279854 -0.000000  0.761731  1.848122  0.704828  0.088336  0.288112 -0.000000 
  -0.000000  0.672317  2.930570  1.301359 -0.000000 -0.000000 -0.000000  0.360345  0.375235  0.077335  0.000167 -0.000000 
  -0.000000  0.108216  1.706019  3.505661  3.052236  1.955767  4.356040  3.165486  0.677463 -0.000000 -0.000000 -0.000000 
  -0.000000 -0.000000 -0.000000  1.042005  1.458782  1.251245  2.773060  3.408489  0.665841 -0.000000 -0.000000 -0.000000 
  -0.000000 -0.000000 -0.000000 -0.000000  0.068591  0.128179  1.736311  2.159698  0.541825  0.056170 -0.000000 -0.000000 
  -0.000000 -0.000000 -0.000000 -0.000000 -0.000000 -0.000000  0.834406  2.138537  1.776958  0.498164 -0.000000 -0.000000 
  -0.000000 -0.000000 -0.000000 -0.000000 -0.000000 -0.000000  0.046569  1.267185  0.763290  0.176303 -0.000000 -0.000000 
================================================================================
max_pooling2d (MaxPooling2D) [3 x 3 x 8]:

DIM 1/8 [3 x 3]:
   0.007228  0.007228  0.007228 
   3.422570  0.059667  0.027809 
   3.394455  3.230026  0.673372 

DIM 2/8 [3 x 3]:
   0.490033  1.452817  1.245237 
   0.326455  2.847472 -0.000000 
  -0.000000 -0.000000 -0.000000 

DIM 3/8 [3 x 3]:
   1.348352  1.800627  1.815803 
   4.165681  3.454196  2.477908 
  -0.000000  2.658145  2.975706 

DIM 4/8 [3 x 3]:
   4.196224  2.514791  3.984864 
   4.701323  6.345033  3.756291 
   0.767550  4.478218  0.300488 

DIM 5/8 [3 x 3]:
   1.039589  2.149370  1.774508 
   2.732740  2.209216  3.219494 
   0.581371  3.900765 -0.000000 

DIM 6/8 [3 x 3]:
   1.648823  1.525241  1.123432 
   2.951002  4.403586  2.469530 
   0.519750  2.217499  2.341921 

DIM 7/8 [3 x 3]:
   2.225208  4.569997  2.975735 
   4.147997  4.735857  5.444703 
   2.811906  4.208762  4.621995 

DIM 8/8 [3 x 3]:
   1.202917  1.139456  1.556842 
   3.505661  4.356040  0.704828 
   1.042005  3.408489  1.776958 
================================================================================
flatten (Flatten) [1 x 72]:
   0.007228  0.490033  1.348352  4.196224  1.039589  1.648823  2.225208  1.202917  0.007228  1.452817  1.800627  2.514791  2.149370  1.525241  4.569997  1.139456  0.007228  1.245237  1.815803  3.984864  1.774508  1.123432  2.975735  1.556842  3.422570  0.326455  4.165681  4.701323  2.732740  2.951002  4.147997  3.505661  0.059667  2.847472  3.454196  6.345033  2.209216  4.403586  4.735857  4.356040  0.027809 -0.000000  2.477908  3.756291  3.219494  2.469530  5.444703  0.704828  3.394455 -0.000000 -0.000000  0.767550  0.581371  0.519750  2.811906  1.042005  3.230026 -0.000000  2.658145  4.478218  3.900765  2.217499  4.208762  3.408489  0.673372 -0.000000  2.975706  0.300488 -0.000000  2.341921  4.621995  1.776958 
================================================================================
dense (Dense) [1 x 16]:
   5.943604  5.343306  7.676640  0.092753  0.000000  4.616547  4.974140  9.670526  4.704448  0.000000  1.686096  1.926620  0.000000  7.497795  1.550474  7.695673 
================================================================================
dense_1 (Dense) [1 x 10]:
   0.000001  0.000000  0.000001  0.000000  0.998739  0.000002  0.000011  0.000003  0.000009  0.001236 
